   7.8997859e-01   8.8446829e-01   9.8816116e-01   1.1002610e+00   1.2190801e+00   1.3418390e+00   1.4645828e+00   1.5823036e+00   1.6893169e+00   1.7798445e+00   1.8486677e+00   1.8916914e+00   1.9063268e+00   1.8916914e+00   1.8486677e+00   1.7798445e+00   1.6893169e+00   1.5823036e+00   1.4645828e+00   1.3418390e+00   1.2190801e+00   1.1002610e+00   9.8816116e-01   8.8446829e-01   7.8997859e-01
   8.8446829e-01   9.9954433e-01   1.1279065e+00   1.2690693e+00   1.4213183e+00   1.5813026e+00   1.7437712e+00   1.9016540e+00   2.0466273e+00   2.1701040e+00   2.2643503e+00   2.3233813e+00   2.3434765e+00   2.3233813e+00   2.2643503e+00   2.1701040e+00   2.0466273e+00   1.9016540e+00   1.7437712e+00   1.5813026e+00   1.4213183e+00   1.2690693e+00   1.1279065e+00   9.9954433e-01   8.8446829e-01
   9.8816116e-01   1.1279065e+00   1.2865856e+00   1.4644496e+00   1.6601280e+00   1.8698395e+00   2.0867205e+00   2.3007005e+00   2.4993445e+00   2.6696292e+00   2.7999680e+00   2.8816584e+00   2.9094646e+00   2.8816584e+00   2.7999680e+00   2.6696292e+00   2.4993445e+00   2.3007005e+00   2.0867205e+00   1.8698395e+00   1.6601280e+00   1.4644496e+00   1.2865856e+00   1.1279065e+00   9.8816116e-01
   1.1002610e+00   1.2690693e+00   1.4644496e+00   1.6881133e+00   1.9398002e+00   2.2158363e+00   2.5075743e+00   2.8005885e+00   3.0758335e+00   3.3130426e+00   3.4946893e+00   3.6083404e+00   3.6469669e+00   3.6083404e+00   3.4946893e+00   3.3130426e+00   3.0758335e+00   2.8005885e+00   2.5075743e+00   2.2158363e+00   1.9398002e+00   1.6881133e+00   1.4644496e+00   1.2690693e+00   1.1002610e+00
   1.2190801e+00   1.4213183e+00   1.6601280e+00   1.9398002e+00   2.2625952e+00   2.6263165e+00   3.0209664e+00   3.4259590e+00   3.8112453e+00   4.1442513e+00   4.3983045e+00   4.5563737e+00   4.6098984e+00   4.5563737e+00   4.3983045e+00   4.1442513e+00   3.8112453e+00   3.4259590e+00   3.0209664e+00   2.6263165e+00   2.2625952e+00   1.9398002e+00   1.6601280e+00   1.4213183e+00   1.2190801e+00
   1.3418390e+00   1.5813026e+00   1.8698395e+00   2.2158363e+00   2.6263165e+00   3.1033707e+00   3.6377065e+00   4.2007536e+00   4.7436911e+00   5.2122727e+00   5.5661214e+00   5.7839033e+00   5.8571750e+00   5.7839033e+00   5.5661214e+00   5.2122727e+00   4.7436911e+00   4.2007536e+00   3.6377065e+00   3.1033707e+00   2.6263165e+00   2.2158363e+00   1.8698395e+00   1.5813026e+00   1.3418390e+00
   1.4645828e+00   1.7437712e+00   2.0867205e+00   2.5075743e+00   3.0209664e+00   3.6377065e+00   4.3541342e+00   5.1333952e+00   5.8954098e+00   6.5481243e+00   7.0323276e+00   7.3256094e+00   7.4234243e+00   7.3256094e+00   7.0323276e+00   6.5481243e+00   5.8954098e+00   5.1333952e+00   4.3541342e+00   3.6377065e+00   3.0209664e+00   2.5075743e+00   2.0867205e+00   1.7437712e+00   1.4645828e+00
   1.5823036e+00   1.9016540e+00   2.3007005e+00   2.8005885e+00   3.4259590e+00   4.2007536e+00   5.1333952e+00   6.1811701e+00   7.2189356e+00   8.0974928e+00   8.7355703e+00   9.1154346e+00   9.2409949e+00   9.1154346e+00   8.7355703e+00   8.0974928e+00   7.2189356e+00   6.1811701e+00   5.1333952e+00   4.2007536e+00   3.4259590e+00   2.8005885e+00   2.3007005e+00   1.9016540e+00   1.5823036e+00
   1.6893169e+00   2.0466273e+00   2.4993445e+00   3.0758335e+00   3.8112453e+00   4.7436911e+00   5.8954098e+00   7.2189356e+00   8.5410496e+00   9.6508845e+00   1.0444900e+01   1.0911796e+01   1.1065130e+01   1.0911796e+01   1.0444900e+01   9.6508845e+00   8.5410496e+00   7.2189356e+00   5.8954098e+00   4.7436911e+00   3.8112453e+00   3.0758335e+00   2.4993445e+00   2.0466273e+00   1.6893169e+00
   1.7798445e+00   2.1701040e+00   2.6696292e+00   3.3130426e+00   4.1442513e+00   5.2122727e+00   6.5481243e+00   8.0974928e+00   9.6508845e+00   1.0952488e+01   1.1879119e+01   1.2421308e+01   1.2598854e+01   1.2421308e+01   1.1879119e+01   1.0952488e+01   9.6508845e+00   8.0974928e+00   6.5481243e+00   5.2122727e+00   4.1442513e+00   3.3130426e+00   2.6696292e+00   2.1701040e+00   1.7798445e+00
   1.8486677e+00   2.2643503e+00   2.7999680e+00   3.4946893e+00   4.3983045e+00   5.5661214e+00   7.0323276e+00   8.7355703e+00   1.0444900e+01   1.1879119e+01   1.2900927e+01   1.3498684e+01   1.3694345e+01   1.3498684e+01   1.2900927e+01   1.1879119e+01   1.0444900e+01   8.7355703e+00   7.0323276e+00   5.5661214e+00   4.3983045e+00   3.4946893e+00   2.7999680e+00   2.2643503e+00   1.8486677e+00
   1.8916914e+00   2.3233813e+00   2.8816584e+00   3.6083404e+00   4.5563737e+00   5.7839033e+00   7.3256094e+00   9.1154346e+00   1.0911796e+01   1.2421308e+01   1.3498684e+01   1.4129649e+01   1.4336268e+01   1.4129649e+01   1.3498684e+01   1.2421308e+01   1.0911796e+01   9.1154346e+00   7.3256094e+00   5.7839033e+00   4.5563737e+00   3.6083404e+00   2.8816584e+00   2.3233813e+00   1.8916914e+00
   1.9063268e+00   2.3434765e+00   2.9094646e+00   3.6469669e+00   4.6098984e+00   5.8571750e+00   7.4234243e+00   9.2409949e+00   1.1065130e+01   1.2598854e+01   1.3694345e+01   1.4336268e+01   1.4546527e+01   1.4336268e+01   1.3694345e+01   1.2598854e+01   1.1065130e+01   9.2409949e+00   7.4234243e+00   5.8571750e+00   4.6098984e+00   3.6469669e+00   2.9094646e+00   2.3434765e+00   1.9063268e+00
   1.8916914e+00   2.3233813e+00   2.8816584e+00   3.6083404e+00   4.5563737e+00   5.7839033e+00   7.3256094e+00   9.1154346e+00   1.0911796e+01   1.2421308e+01   1.3498684e+01   1.4129649e+01   1.4336268e+01   1.4129649e+01   1.3498684e+01   1.2421308e+01   1.0911796e+01   9.1154346e+00   7.3256094e+00   5.7839033e+00   4.5563737e+00   3.6083404e+00   2.8816584e+00   2.3233813e+00   1.8916914e+00
   1.8486677e+00   2.2643503e+00   2.7999680e+00   3.4946893e+00   4.3983045e+00   5.5661214e+00   7.0323276e+00   8.7355703e+00   1.0444900e+01   1.1879119e+01   1.2900927e+01   1.3498684e+01   1.3694345e+01   1.3498684e+01   1.2900927e+01   1.1879119e+01   1.0444900e+01   8.7355703e+00   7.0323276e+00   5.5661214e+00   4.3983045e+00   3.4946893e+00   2.7999680e+00   2.2643503e+00   1.8486677e+00
   1.7798445e+00   2.1701040e+00   2.6696292e+00   3.3130426e+00   4.1442513e+00   5.2122727e+00   6.5481243e+00   8.0974928e+00   9.6508845e+00   1.0952488e+01   1.1879119e+01   1.2421308e+01   1.2598854e+01   1.2421308e+01   1.1879119e+01   1.0952488e+01   9.6508845e+00   8.0974928e+00   6.5481243e+00   5.2122727e+00   4.1442513e+00   3.3130426e+00   2.6696292e+00   2.1701040e+00   1.7798445e+00
   1.6893169e+00   2.0466273e+00   2.4993445e+00   3.0758335e+00   3.8112453e+00   4.7436911e+00   5.8954098e+00   7.2189356e+00   8.5410496e+00   9.6508845e+00   1.0444900e+01   1.0911796e+01   1.1065130e+01   1.0911796e+01   1.0444900e+01   9.6508845e+00   8.5410496e+00   7.2189356e+00   5.8954098e+00   4.7436911e+00   3.8112453e+00   3.0758335e+00   2.4993445e+00   2.0466273e+00   1.6893169e+00
   1.5823036e+00   1.9016540e+00   2.3007005e+00   2.8005885e+00   3.4259590e+00   4.2007536e+00   5.1333952e+00   6.1811701e+00   7.2189356e+00   8.0974928e+00   8.7355703e+00   9.1154346e+00   9.2409949e+00   9.1154346e+00   8.7355703e+00   8.0974928e+00   7.2189356e+00   6.1811701e+00   5.1333952e+00   4.2007536e+00   3.4259590e+00   2.8005885e+00   2.3007005e+00   1.9016540e+00   1.5823036e+00
   1.4645828e+00   1.7437712e+00   2.0867205e+00   2.5075743e+00   3.0209664e+00   3.6377065e+00   4.3541342e+00   5.1333952e+00   5.8954098e+00   6.5481243e+00   7.0323276e+00   7.3256094e+00   7.4234243e+00   7.3256094e+00   7.0323276e+00   6.5481243e+00   5.8954098e+00   5.1333952e+00   4.3541342e+00   3.6377065e+00   3.0209664e+00   2.5075743e+00   2.0867205e+00   1.7437712e+00   1.4645828e+00
   1.3418390e+00   1.5813026e+00   1.8698395e+00   2.2158363e+00   2.6263165e+00   3.1033707e+00   3.6377065e+00   4.2007536e+00   4.7436911e+00   5.2122727e+00   5.5661214e+00   5.7839033e+00   5.8571750e+00   5.7839033e+00   5.5661214e+00   5.2122727e+00   4.7436911e+00   4.2007536e+00   3.6377065e+00   3.1033707e+00   2.6263165e+00   2.2158363e+00   1.8698395e+00   1.5813026e+00   1.3418390e+00
   1.2190801e+00   1.4213183e+00   1.6601280e+00   1.9398002e+00   2.2625952e+00   2.6263165e+00   3.0209664e+00   3.4259590e+00   3.8112453e+00   4.1442513e+00   4.3983045e+00   4.5563737e+00   4.6098984e+00   4.5563737e+00   4.3983045e+00   4.1442513e+00   3.8112453e+00   3.4259590e+00   3.0209664e+00   2.6263165e+00   2.2625952e+00   1.9398002e+00   1.6601280e+00   1.4213183e+00   1.2190801e+00
   1.1002610e+00   1.2690693e+00   1.4644496e+00   1.6881133e+00   1.9398002e+00   2.2158363e+00   2.5075743e+00   2.8005885e+00   3.0758335e+00   3.3130426e+00   3.4946893e+00   3.6083404e+00   3.6469669e+00   3.6083404e+00   3.4946893e+00   3.3130426e+00   3.0758335e+00   2.8005885e+00   2.5075743e+00   2.2158363e+00   1.9398002e+00   1.6881133e+00   1.4644496e+00   1.2690693e+00   1.1002610e+00
   9.8816116e-01   1.1279065e+00   1.2865856e+00   1.4644496e+00   1.6601280e+00   1.8698395e+00   2.0867205e+00   2.3007005e+00   2.4993445e+00   2.6696292e+00   2.7999680e+00   2.8816584e+00   2.9094646e+00   2.8816584e+00   2.7999680e+00   2.6696292e+00   2.4993445e+00   2.3007005e+00   2.0867205e+00   1.8698395e+00   1.6601280e+00   1.4644496e+00   1.2865856e+00   1.1279065e+00   9.8816116e-01
   8.8446829e-01   9.9954433e-01   1.1279065e+00   1.2690693e+00   1.4213183e+00   1.5813026e+00   1.7437712e+00   1.9016540e+00   2.0466273e+00   2.1701040e+00   2.2643503e+00   2.3233813e+00   2.3434765e+00   2.3233813e+00   2.2643503e+00   2.1701040e+00   2.0466273e+00   1.9016540e+00   1.7437712e+00   1.5813026e+00   1.4213183e+00   1.2690693e+00   1.1279065e+00   9.9954433e-01   8.8446829e-01
   7.8997859e-01   8.8446829e-01   9.8816116e-01   1.1002610e+00   1.2190801e+00   1.3418390e+00   1.4645828e+00   1.5823036e+00   1.6893169e+00   1.7798445e+00   1.8486677e+00   1.8916914e+00   1.9063268e+00   1.8916914e+00   1.8486677e+00   1.7798445e+00   1.6893169e+00   1.5823036e+00   1.4645828e+00   1.3418390e+00   1.2190801e+00   1.1002610e+00   9.8816116e-01   8.8446829e-01   7.8997859e-01
